Politician,Word Count,negative,neutral,positive,polarity
Bernie Sanders,47,0.103,0.73,0.167,0.6597
Bernie Sanders,27,0.2,0.8,0,-0.7184
Bernie Sanders,42,0,0.8,0.2,0.8042
Bernie Sanders,29,0.091,0.76,0.149,0.2244
Bernie Sanders,36,0.055,0.788,0.158,0.6486
Bernie Sanders,37,0.064,0.724,0.213,0.7777
Bernie Sanders,36,0.208,0.726,0.066,-0.7269
Bernie Sanders,34,0.071,0.668,0.26,0.802
Bernie Sanders,35,0.048,0.565,0.387,0.9274
Bernie Sanders,43,0.054,0.778,0.168,0.6908
Bernie Sanders,19,0,0.822,0.178,0.5994
Bernie Sanders,39,0,0.948,0.052,0.2732
Bernie Sanders,31,0.115,0.799,0.086,-0.2516
Bernie Sanders,31,0.15,0.677,0.173,0.2263
Bernie Sanders,45,0.432,0.549,0.019,-0.9729
Bernie Sanders,41,0.354,0.646,0,-0.9595
Bernie Sanders,10,0,1,0,0
Bernie Sanders,23,0.121,0.643,0.236,0.4939
Bernie Sanders,20,0.559,0.441,0,-0.9477
Bernie Sanders,20,0.143,0.857,0,-0.4588
Bernie Sanders,34,0.374,0.626,0,-0.9493
Bernie Sanders,40,0,0.931,0.069,0.3818
Bernie Sanders,28,0,0.7,0.3,0.8519
Bernie Sanders,25,0,0.902,0.098,0.34
Bernie Sanders,12,0,1,0,0
Bernie Sanders,15,0,0.663,0.337,0.7269
Bernie Sanders,23,0.228,0.772,0,-0.7351
Bernie Sanders,14,0,1,0,0
Bernie Sanders,40,0.053,0.947,0,-0.296
Bernie Sanders,11,0,1,0,0
Bernie Sanders,37,0.087,0.756,0.156,0.4435
Bernie Sanders,42,0,0.924,0.076,0.4939
Bernie Sanders,36,0.41,0.544,0.046,-0.9294
Bernie Sanders,31,0.127,0.789,0.085,-0.3595
Bernie Sanders,12,0.43,0.57,0,-0.7783
Bernie Sanders,26,0.276,0.724,0,-0.8126
Bernie Sanders,34,0,0.824,0.176,0.7506
Bernie Sanders,13,0.396,0.604,0,-0.5994
Bernie Sanders,42,0.212,0.616,0.172,-0.2263
Bernie Sanders,39,0,0.891,0.109,0.5267
Bernie Sanders,37,0,0.885,0.115,0.5267
Bernie Sanders,36,0.186,0.69,0.124,-0.4019
Bernie Sanders,28,0.088,0.912,0,-0.3612
Bernie Sanders,38,0,1,0,0
Bernie Sanders,31,0.362,0.638,0,-0.9217
Bernie Sanders,36,0.071,0.872,0.057,-0.128
Bernie Sanders,41,0.069,0.87,0.062,-0.0772
Bernie Sanders,41,0.172,0.618,0.21,0
Bernie Sanders,10,0,1,0,0
Bernie Sanders,39,0,0.698,0.302,0.9231
Bernie Sanders,35,0,0.704,0.296,0.9042
Bernie Sanders,45,0.049,0.851,0.1,0.3291
Bernie Sanders,34,0.05,0.83,0.12,0.5469
Bernie Sanders,43,0.107,0.762,0.131,0.296
Bernie Sanders,13,0,0.803,0.197,0.4019
Bernie Sanders,37,0.192,0.662,0.146,-0.2732
Bernie Sanders,41,0.051,0.876,0.074,0.25
Bernie Sanders,26,0.171,0.728,0.101,-0.296
Bernie Sanders,36,0.178,0.636,0.187,0.1093
Bernie Sanders,17,0,1,0,0
Bernie Sanders,20,0,1,0,0
Bernie Sanders,5,0.697,0.303,0,-0.7845
Bernie Sanders,35,0.05,0.61,0.34,0.9062
Bernie Sanders,27,0.268,0.732,0,-0.8126
Bernie Sanders,36,0.274,0.726,0,-0.9022
Bernie Sanders,18,0,1,0,0
Bernie Sanders,40,0.256,0.654,0.09,-0.8625
Bernie Sanders,8,0.198,0.541,0.261,0.1779
Bernie Sanders,44,0.234,0.766,0,-0.891
Bernie Sanders,42,0.058,0.888,0.054,-0.0516
Bernie Sanders,45,0.043,0.884,0.073,0.34
Bernie Sanders,40,0.208,0.673,0.119,-0.68
Bernie Sanders,23,0,0.65,0.35,0.8955
Bernie Sanders,27,0.219,0.661,0.121,-0.3417
Bernie Sanders,11,0.123,0.877,0,-0.1027
Bernie Sanders,28,0.087,0.839,0.074,-0.1027
Bernie Sanders,27,0.226,0.774,0,-0.7184
Bernie Sanders,45,0.101,0.841,0.058,-0.2537
Bernie Sanders,40,0.286,0.714,0,-0.9184
Bernie Sanders,7,0,1,0,0
Bernie Sanders,37,0.062,0.868,0.069,0.0772
Bernie Sanders,40,0.157,0.723,0.12,-0.2008
Bernie Sanders,50,0.091,0.909,0,-0.5574
Bernie Sanders,45,0.104,0.6,0.296,0.9303
Bernie Sanders,15,0,1,0,0
Bernie Sanders,43,0.195,0.657,0.148,-0.3612
Bernie Sanders,21,0.111,0.889,0,-0.3612
Bernie Sanders,26,0.172,0.828,0,-0.6124
Bernie Sanders,13,0.257,0.615,0.128,-0.5106
Bernie Sanders,2,0,1,0,0
Bernie Sanders,10,0,0.804,0.196,0.296
Bernie Sanders,44,0.135,0.774,0.091,-0.4939
Bernie Sanders,38,0.132,0.795,0.073,-0.3818
Bernie Sanders,28,0.246,0.694,0.061,-0.7506
Bernie Sanders,15,0,0.839,0.161,0.3595
Bernie Sanders,50,0.081,0.635,0.283,0.886
Bernie Sanders,7,0,1,0,0
Bernie Sanders,34,0.209,0.612,0.179,-0.5106
Bernie Sanders,33,0.262,0.738,0,-0.8834
Bernie Sanders,28,0.155,0.707,0.138,-0.3612
Bernie Sanders,41,0.38,0.572,0.048,-0.9616
Bernie Sanders,40,0.206,0.681,0.113,-0.7017
Bernie Sanders,26,0,0.899,0.101,0.4019
Bernie Sanders,26,0,0.842,0.158,0.5423
Bernie Sanders,42,0.327,0.633,0.04,-0.951
Bernie Sanders,4,0,1,0,0
Bernie Sanders,38,0,0.886,0.114,0.5423
Bernie Sanders,33,0.075,0.925,0,-0.3612
Bernie Sanders,39,0,0.801,0.199,0.7717
Bernie Sanders,19,0,0.833,0.167,0.4939
Bernie Sanders,21,0,0.885,0.115,0.3818
Bernie Sanders,24,0,1,0,0
Bernie Sanders,27,0,0.693,0.307,0.7506
Bernie Sanders,34,0.122,0.746,0.132,0.1027
Bernie Sanders,50,0.19,0.692,0.118,-0.6597
Bernie Sanders,12,0.379,0.621,0,-0.7269
Bernie Sanders,40,0.055,0.71,0.235,0.796
Bernie Sanders,42,0.12,0.826,0.053,-0.2124
Bernie Sanders,46,0.096,0.585,0.319,0.8853
Bernie Sanders,37,0.057,0.656,0.287,0.8481
Bernie Sanders,26,0,0.81,0.19,0.6597
Bernie Sanders,21,0,0.667,0.333,0.8402
Bernie Sanders,35,0.183,0.756,0.061,-0.6124
Bernie Sanders,52,0.277,0.653,0.07,-0.943
Bernie Sanders,42,0.08,0.693,0.227,0.7775
Bernie Sanders,45,0.131,0.655,0.214,0.5719
Bernie Sanders,46,0.252,0.64,0.108,-0.8622
Bernie Sanders,19,0,0.909,0.091,0.2023
Bernie Sanders,35,0.053,0.53,0.417,0.9349
Bernie Sanders,14,0.161,0.839,0,-0.3612
Bernie Sanders,41,0,0.93,0.07,0.4588
Bernie Sanders,27,0.127,0.696,0.177,0.1513
Bernie Sanders,27,0.127,0.696,0.177,0.1513
Bernie Sanders,42,0.258,0.692,0.05,-0.9022
Bernie Sanders,27,0.475,0.525,0,-0.9522
Bernie Sanders,45,0,0.751,0.249,0.8979
Bernie Sanders,46,0,0.741,0.259,0.9186
Bernie Sanders,48,0.088,0.877,0.035,-0.5789
Bernie Sanders,7,0,0.649,0.351,0.4019
Bernie Sanders,38,0.072,0.928,0,-0.4019
Bernie Sanders,18,0.272,0.639,0.089,-0.6486
Bernie Sanders,42,0.315,0.685,0,-0.9517
Bernie Sanders,20,0.147,0.853,0,-0.4767
Bernie Sanders,15,0,0.903,0.097,0.128
Bernie Sanders,31,0.087,0.758,0.155,0.3182
Bernie Sanders,51,0.039,0.787,0.174,0.7579
Bernie Sanders,13,0,1,0,0
Bernie Sanders,33,0.073,0.791,0.136,0.296
Bernie Sanders,20,0,0.872,0.128,0.3595
Bernie Sanders,38,0.057,0.742,0.201,0.765
Bernie Sanders,13,0.131,0.536,0.333,0.5267
Bernie Sanders,50,0.235,0.62,0.145,-0.7574
Bernie Sanders,40,0.398,0.487,0.115,-0.9356
Bernie Sanders,41,0.152,0.793,0.055,-0.5267
Bernie Sanders,42,0,0.742,0.258,0.8885
Bernie Sanders,38,0.185,0.815,0,-0.7869
Bernie Sanders,28,0.346,0.654,0,-0.9349
Bernie Sanders,37,0,0.794,0.206,0.8074
Bernie Sanders,35,0.068,0.932,0,-0.34
Bernie Sanders,28,0,0.828,0.172,0.6369
Bernie Sanders,33,0.063,0.676,0.261,0.802
Bernie Sanders,41,0.118,0.731,0.15,0.1372
Bernie Sanders,35,0.4,0.6,0,-0.9601
Bernie Sanders,39,0.153,0.6,0.248,0.5994
Bernie Sanders,38,0.118,0.664,0.218,0.5868
Bernie Sanders,18,0.13,0.726,0.145,0.0754
Bernie Sanders,28,0.298,0.505,0.197,-0.6369
Bernie Sanders,47,0.2,0.648,0.152,-0.431
Bernie Sanders,50,0.093,0.907,0,-0.5719
Bernie Sanders,35,0.134,0.766,0.1,-0.1027
Bernie Sanders,44,0.064,0.736,0.2,0.7184
Bernie Sanders,36,0,0.736,0.264,0.8555
Bernie Sanders,38,0.032,0.743,0.225,0.8625
Bernie Sanders,42,0.065,0.786,0.149,0.4456
Bernie Sanders,13,0,1,0,0
Bernie Sanders,20,0,1,0,0
Bernie Sanders,27,0,0.727,0.273,0.8402
Bernie Sanders,19,0.086,0.586,0.328,0.802
Bernie Sanders,13,0,0.822,0.178,0.3818
Bernie Sanders,44,0.142,0.737,0.121,-0.0227
Bernie Sanders,22,0.118,0.742,0.14,0.128
Bernie Sanders,39,0,0.909,0.091,0.5697
Bernie Sanders,41,0.139,0.759,0.102,-0.1761
Bernie Sanders,46,0.037,0.624,0.339,0.958
Bernie Sanders,55,0,0.828,0.172,0.8074
Bernie Sanders,39,0.064,0.664,0.272,0.8658
Bernie Sanders,22,0.203,0.797,0,-0.6259
Bernie Sanders,16,0,1,0,0
Bernie Sanders,44,0.101,0.899,0,-0.5267
Bernie Sanders,46,0.046,0.859,0.095,0.3208
Bernie Sanders,20,0,0.63,0.37,0.875
Bernie Sanders,41,0.051,0.876,0.074,0.25
Bernie Sanders,37,0.055,0.683,0.262,0.8555
Bernie Sanders,41,0.053,0.882,0.065,0.128
Bernie Sanders,45,0,0.681,0.319,0.9371
Bernie Sanders,6,0,1,0,0
Bernie Sanders,18,0,0.8,0.2,0.4585
Bernie Sanders,19,0,1,0,0
Bernie Sanders,30,0.098,0.82,0.082,-0.128
Bernie Sanders,9,0,0.684,0.316,0.5719
Bernie Sanders,28,0.105,0.826,0.07,-0.2714
Bernie Sanders,39,0.233,0.593,0.174,-0.2268
Bernie Sanders,43,0.127,0.736,0.136,-0.1431
Bernie Sanders,9,0.133,0.361,0.506,0.802
Bernie Sanders,47,0,0.879,0.121,0.6858
Bernie Sanders,49,0.15,0.804,0.047,-0.7586
Bernie Sanders,33,0,0.819,0.181,0.7506
Bernie Sanders,17,0.086,0.614,0.3,0.7096
Bernie Sanders,34,0,0.934,0.066,0.3262
Bernie Sanders,31,0,0.901,0.099,0.4939
Bernie Sanders,37,0,0.651,0.349,0.9337
Bernie Sanders,47,0.115,0.601,0.284,0.8777
Bernie Sanders,34,0,0.871,0.129,0.5802
Bernie Sanders,31,0.073,0.7,0.227,0.6705
Bernie Sanders,10,0,1,0,0
Bernie Sanders,42,0.371,0.581,0.048,-0.9578
Bernie Sanders,31,0.119,0.826,0.055,-0.2732
Bernie Sanders,36,0,1,0,0
Bernie Sanders,48,0,0.841,0.159,0.8462
Bernie Sanders,38,0.055,0.945,0,-0.2732
Bernie Sanders,45,0.048,0.734,0.218,0.8316
Bernie Sanders,6,0,1,0,0
Bernie Sanders,44,0.126,0.674,0.2,0.4528
Bernie Sanders,45,0,0.929,0.071,0.4939
Bernie Sanders,41,0.104,0.72,0.176,0.5267
Bernie Sanders,42,0.053,0.584,0.363,0.9477
Bernie Sanders,44,0.203,0.698,0.099,-0.6597
Bernie Sanders,37,0.16,0.742,0.098,-0.1531
Bernie Sanders,41,0.12,0.82,0.06,-0.4019
Bernie Sanders,39,0.068,0.797,0.134,0.4389
Bernie Sanders,33,0.054,0.663,0.283,0.8519
Bernie Sanders,32,0.132,0.789,0.079,-0.2182
Bernie Sanders,21,0.248,0.752,0,-0.6808
Bernie Sanders,34,0,0.831,0.169,0.7579
Bernie Sanders,42,0,0.845,0.155,0.7147
Bernie Sanders,36,0.061,0.701,0.238,0.765
Bernie Sanders,47,0.169,0.697,0.134,0.0258
Bernie Sanders,36,0.246,0.637,0.116,-0.7096
Bernie Sanders,40,0.1,0.591,0.308,0.8898
Bernie Sanders,39,0,0.781,0.219,0.8689
Bernie Sanders,39,0,0.798,0.202,0.8442
Bernie Sanders,46,0,0.938,0.062,0.4215
Bernie Sanders,26,0,1,0,0
Bernie Sanders,46,0.064,0.774,0.162,0.6187
Bernie Sanders,16,0.082,0.819,0.099,0.0772
Bernie Sanders,47,0.127,0.775,0.098,-0.128
Bernie Sanders,22,0,0.872,0.128,0.4754
Bernie Sanders,46,0.042,0.778,0.18,0.743
Bernie Sanders,9,0,0.784,0.216,0.296
Bernie Sanders,37,0.098,0.72,0.181,0.5352
Bernie Sanders,31,0.056,0.668,0.275,0.802
Bernie Sanders,38,0.145,0.796,0.059,-0.5849
Bernie Sanders,28,0,0.912,0.088,0.34
Bernie Sanders,17,0,0.879,0.121,0.296
Bernie Sanders,44,0.304,0.636,0.06,-0.93
Bernie Sanders,43,0.097,0.709,0.194,0.5624
Bernie Sanders,35,0.069,0.844,0.087,0.1779
Bernie Sanders,43,0.053,0.947,0,-0.296
Bernie Sanders,47,0.063,0.877,0.061,-0.0258
Bernie Sanders,29,0.066,0.776,0.158,0.4767
Bernie Sanders,48,0.12,0.736,0.143,0.2955
Bernie Sanders,44,0.173,0.709,0.118,-0.4215
Bernie Sanders,39,0,0.788,0.212,0.8555
Bernie Sanders,44,0,0.816,0.184,0.8402
Bernie Sanders,38,0.157,0.843,0,-0.7579
Bernie Sanders,36,0.119,0.608,0.272,0.7778
Bernie Sanders,40,0.22,0.707,0.073,-0.7275
Bernie Sanders,36,0.039,0.777,0.184,0.7184
Bernie Sanders,36,0.052,0.728,0.221,0.802
Bernie Sanders,13,0.167,0.533,0.3,0.25
Bernie Sanders,43,0.074,0.926,0,-0.4767
Bernie Sanders,44,0,1,0,0
Bernie Sanders,35,0,0.838,0.162,0.7506
Bernie Sanders,24,0,1,0,0
Bernie Sanders,21,0.195,0.603,0.202,0.0516
Bernie Sanders,19,0,0.756,0.244,0.6705
Bernie Sanders,29,0,0.864,0.136,0.4767
Bernie Sanders,19,0.329,0.589,0.082,-0.743
Bernie Sanders,40,0.111,0.643,0.246,0.7705
Bernie Sanders,51,0.08,0.92,0,-0.4939
Bernie Sanders,44,0.067,0.883,0.05,-0.2083
Bernie Sanders,48,0.155,0.637,0.207,0.5574
Bernie Sanders,46,0.026,0.73,0.243,0.8908
Bernie Sanders,39,0.081,0.683,0.236,0.7394
Bernie Sanders,45,0.131,0.761,0.108,-0.0258
Bernie Sanders,35,0.053,0.836,0.111,0.2728
Bernie Sanders,31,0.044,0.786,0.17,0.6124
Bernie Sanders,23,0,1,0,0
Bernie Sanders,36,0.081,0.919,0,-0.2263
Bernie Sanders,47,0.088,0.858,0.054,-0.1531
Bernie Sanders,38,0.05,0.95,0,-0.1759
Bernie Sanders,45,0.068,0.726,0.205,0.6808
Bernie Sanders,44,0.141,0.744,0.115,-0.1027
Bernie Sanders,40,0.068,0.774,0.158,0.4741
Bernie Sanders,40,0.064,0.822,0.113,0.296
Bernie Sanders,33,0,0.799,0.201,0.743
Bernie Sanders,40,0,0.932,0.068,0.4019
Bernie Sanders,39,0,0.936,0.064,0.34
Bernie Sanders,46,0.066,0.876,0.058,0.1531
Bernie Sanders,52,0.088,0.76,0.152,0.5574
Bernie Sanders,30,0.091,0.909,0,-0.4019
Bernie Sanders,17,0,0.569,0.431,0.891
Bernie Sanders,46,0.055,0.879,0.065,0.128
Bernie Sanders,49,0.143,0.827,0.03,-0.765
Bernie Sanders,47,0.04,0.848,0.111,0.5423
Bernie Sanders,45,0.145,0.796,0.059,-0.4939
Bernie Sanders,27,0.145,0.759,0.096,-0.1303
Bernie Sanders,29,0.074,0.735,0.191,0.6124
Bernie Sanders,38,0,0.641,0.359,0.9543
Bernie Sanders,32,0.086,0.574,0.34,0.8625
Bernie Sanders,22,0.283,0.717,0,-0.8176
Bernie Sanders,41,0.05,0.881,0.069,0.2023
Bernie Sanders,24,0.091,0.909,0,-0.296
Bernie Sanders,26,0.268,0.649,0.083,-0.743
Bernie Sanders,39,0.051,0.785,0.164,0.5994
Bernie Sanders,39,0.169,0.663,0.169,0
Bernie Sanders,51,0.035,0.634,0.331,0.9618
Bernie Sanders,48,0,0.948,0.052,0.357
Bernie Sanders,13,0.155,0.845,0,-0.296
Bernie Sanders,51,0.191,0.809,0,-0.9022
Bernie Sanders,24,0.089,0.719,0.192,0.4588
Bernie Sanders,38,0.058,0.708,0.234,0.7889
Bernie Sanders,12,0.18,0.82,0,-0.296
Bernie Sanders,23,0.073,0.771,0.156,0.4824
Bernie Sanders,16,0,0.718,0.282,0.6696
Bernie Sanders,46,0,0.768,0.232,0.8885
Bernie Sanders,47,0.361,0.594,0.045,-0.9565
Bernie Sanders,23,0,1,0,0
Bernie Sanders,24,0.091,0.909,0,-0.296
Bernie Sanders,43,0.132,0.821,0.048,-0.5994
Bernie Sanders,43,0.113,0.856,0.031,-0.5789
Bernie Sanders,47,0.049,0.951,0,-0.296
Bernie Sanders,51,0,0.944,0.056,0.3818
Bernie Sanders,52,0.07,0.863,0.067,0.2105
Bernie Sanders,30,0.152,0.788,0.061,-0.4588
Bernie Sanders,38,0,1,0,0
Bernie Sanders,36,0.128,0.872,0,-0.6124
Bernie Sanders,48,0.104,0.862,0.034,-0.5434
Bernie Sanders,42,0.09,0.91,0,-0.434
Bernie Sanders,36,0,0.865,0.135,0.6124
Bernie Sanders,38,0,0.714,0.286,0.9272
Bernie Sanders,42,0.204,0.796,0,-0.8674
Bernie Sanders,51,0.12,0.749,0.131,0.1531
Bernie Sanders,38,0.226,0.549,0.225,-0.0065
Bernie Sanders,32,0.093,0.789,0.118,-0.0258
Bernie Sanders,28,0,1,0,0
Bernie Sanders,40,0.109,0.825,0.066,-0.2047
Bernie Sanders,48,0.09,0.848,0.062,-0.126
Bernie Sanders,38,0.104,0.718,0.178,0.2942
Bernie Sanders,29,0.079,0.758,0.164,0.4215
Bernie Sanders,32,0.061,0.804,0.135,0.3933
Bernie Sanders,29,0,0.918,0.082,0.3612
Bernie Sanders,37,0.038,0.891,0.071,0.3182
Bernie Sanders,26,0.088,0.912,0,-0.34
Bernie Sanders,38,0.121,0.707,0.172,0.3274
Bernie Sanders,44,0.115,0.806,0.079,-0.4215
Bernie Sanders,42,0,0.879,0.121,0.659
Bernie Sanders,43,0,0.886,0.114,0.6293
Bernie Sanders,26,0.07,0.93,0,-0.2235
Bernie Sanders,32,0,0.864,0.136,0.5267
Bernie Sanders,39,0.219,0.781,0,-0.8779
Bernie Sanders,45,0.116,0.793,0.091,-0.3182
Bernie Sanders,40,0.045,0.642,0.313,0.93
Bernie Sanders,36,0.295,0.678,0.027,-0.9022
Bernie Sanders,46,0.103,0.732,0.165,0.5447
Bernie Sanders,22,0.298,0.618,0.084,-0.7096
Bernie Sanders,24,0,0.888,0.112,0.4404
Bernie Sanders,31,0.079,0.854,0.067,-0.1027
Bernie Sanders,52,0.161,0.709,0.13,-0.2023
Bernie Sanders,54,0.429,0.539,0.032,-0.9781
Bernie Sanders,24,0,0.913,0.087,0.296
Bernie Sanders,52,0.111,0.72,0.169,0.5719
Bernie Sanders,24,0,0.913,0.087,0.296
Bernie Sanders,41,0.175,0.825,0,-0.7944
Bernie Sanders,43,0,0.892,0.108,0.5574
Bernie Sanders,39,0.305,0.643,0.052,-0.9274
Bernie Sanders,10,0.262,0.738,0,-0.4926
Bernie Sanders,45,0.213,0.528,0.259,-0.0258
Bernie Sanders,22,0.108,0.892,0,-0.3182
Bernie Sanders,40,0.153,0.72,0.127,-0.0516
Bernie Sanders,32,0.224,0.776,0,-0.7587
Bernie Sanders,31,0,0.901,0.099,0.296
Bernie Sanders,34,0.121,0.747,0.131,0.1027
Bernie Sanders,37,0,0.904,0.096,0.5719
Bernie Sanders,43,0,0.878,0.122,0.6908
Bernie Sanders,38,0.072,0.864,0.064,-0.0772
Bernie Sanders,39,0,0.876,0.124,0.6249
Bernie Sanders,27,0.294,0.464,0.242,-0.308
Bernie Sanders,34,0.11,0.833,0.056,-0.25
Bernie Sanders,38,0.087,0.801,0.112,0.25
Bernie Sanders,42,0,0.925,0.075,0.4767
Bernie Sanders,41,0,0.869,0.131,0.6808
Bernie Sanders,41,0,0.869,0.131,0.6808
Bernie Sanders,31,0.049,0.951,0,-0.128
Bernie Sanders,39,0.132,0.694,0.173,0.2229
Bernie Sanders,44,0.14,0.791,0.069,-0.3597
Bernie Sanders,20,0,1,0,0
Bernie Sanders,31,0.26,0.74,0,-0.8694
Bernie Sanders,43,0,0.823,0.177,0.8126
Bernie Sanders,29,0.121,0.879,0,-0.5719
Bernie Sanders,29,0.142,0.772,0.086,-0.4215
Bernie Sanders,30,0.036,0.642,0.321,0.8807
Bernie Sanders,38,0.078,0.697,0.224,0.7719
Bernie Sanders,36,0.082,0.796,0.122,0.1531
Bernie Sanders,36,0.208,0.726,0.066,-0.7424
Bernie Sanders,35,0.083,0.704,0.214,0.6597
Bernie Sanders,38,0.077,0.769,0.154,0.5255
Bernie Sanders,37,0.07,0.793,0.137,0.4215
Bernie Sanders,40,0.221,0.664,0.115,-0.6486
Bernie Sanders,29,0,0.712,0.288,0.8519
Bernie Sanders,36,0,0.943,0.057,0.25
Bernie Sanders,37,0.078,0.81,0.111,0.0772
Bernie Sanders,43,0.055,0.915,0.03,-0.2732
Bernie Sanders,52,0.035,0.938,0.026,-0.123
Bernie Sanders,26,0.09,0.793,0.117,0.2023
Bernie Sanders,49,0.173,0.744,0.083,-0.7351
Bernie Sanders,36,0.21,0.661,0.13,-0.5423
Bernie Sanders,23,0,0.696,0.304,0.8074
Bernie Sanders,36,0.048,0.889,0.063,0.1366
Bernie Sanders,31,0.084,0.755,0.162,0.4404
Bernie Sanders,43,0,0.729,0.271,0.908
Bernie Sanders,30,0.097,0.903,0,-0.4767
Bernie Sanders,44,0.039,0.961,0,-0.1695
Bernie Sanders,40,0.164,0.836,0,-0.7057
Bernie Sanders,39,0.074,0.861,0.065,-0.1027
Bernie Sanders,45,0.087,0.751,0.162,0.4019
Bernie Sanders,29,0.097,0.903,0,-0.2023
Bernie Sanders,46,0,0.818,0.182,0.7717
Bernie Sanders,44,0.096,0.87,0.035,-0.4215
Bernie Sanders,44,0.185,0.711,0.104,-0.6124
Bernie Sanders,47,0.125,0.875,0,-0.743
Bernie Sanders,50,0.099,0.798,0.103,0.0598
Bernie Sanders,54,0,0.862,0.138,0.8201
Bernie Sanders,27,0,0.886,0.114,0.4767
Bernie Sanders,31,0.08,0.751,0.169,0.5106
Bernie Sanders,36,0.333,0.643,0.024,-0.9423
Bernie Sanders,44,0.098,0.871,0.031,-0.6369
Bernie Sanders,29,0.191,0.733,0.076,-0.5994
Bernie Sanders,46,0.049,0.832,0.12,0.5423
Bernie Sanders,41,0.048,0.841,0.111,0.4195
Bernie Sanders,48,0.1,0.732,0.168,0.5859
Bernie Sanders,23,0.213,0.787,0,-0.6908
Bernie Sanders,25,0.329,0.671,0,-0.8834
Bernie Sanders,17,0.376,0.494,0.129,-0.7579
Bernie Sanders,48,0.201,0.693,0.106,-0.6838
Bernie Sanders,36,0,0.87,0.13,0.5859
Bernie Sanders,33,0.158,0.775,0.067,-0.5423
Bernie Sanders,45,0.112,0.664,0.224,0.6157
Bernie Sanders,35,0.05,0.665,0.284,0.8807
Bernie Sanders,36,0.325,0.624,0.051,-0.9062
Bernie Sanders,41,0.284,0.667,0.049,-0.9178
Bernie Sanders,34,0.263,0.624,0.114,-0.7713
Bernie Sanders,17,0.184,0.816,0,-0.5574
Bernie Sanders,43,0,0.848,0.152,0.7184
Bernie Sanders,38,0.211,0.724,0.065,-0.7689
Bernie Sanders,35,0.22,0.646,0.134,-0.4389
Bernie Sanders,47,0.275,0.678,0.047,-0.9246
Bernie Sanders,49,0.094,0.906,0,-0.5994
Bernie Sanders,28,0.253,0.669,0.078,-0.7184
Bernie Sanders,20,0.27,0.73,0,-0.7699
Bernie Sanders,40,0.144,0.742,0.114,-0.34
Bernie Sanders,34,0.126,0.677,0.197,0.234
Bernie Sanders,45,0.12,0.717,0.163,0.3384
Bernie Sanders,40,0.083,0.675,0.241,0.8284
Bernie Sanders,29,0,0.749,0.251,0.8126
Bernie Sanders,45,0.154,0.677,0.169,0.2023
Bernie Sanders,5,0,1,0,0
Bernie Sanders,38,0.229,0.771,0,-0.8689
Bernie Sanders,40,0,0.878,0.122,0.6474
Bernie Sanders,43,0.234,0.729,0.036,-0.8676
Bernie Sanders,38,0.367,0.633,0,-0.9614
Bernie Sanders,48,0.205,0.717,0.078,-0.8126
Bernie Sanders,43,0.068,0.932,0,-0.4588
Bernie Sanders,27,0,1,0,0
Bernie Sanders,28,0.093,0.569,0.338,0.8571
Bernie Sanders,38,0.071,0.734,0.194,0.6908
Bernie Sanders,43,0.168,0.642,0.19,0.2951
Bernie Sanders,43,0.123,0.754,0.123,0.2477
Bernie Sanders,32,0,0.843,0.157,0.6597
Bernie Sanders,47,0.105,0.746,0.149,0.3612
Bernie Sanders,31,0.143,0.714,0.143,0
Bernie Sanders,47,0.102,0.744,0.154,0.204
Bernie Sanders,44,0.111,0.738,0.152,0.2519
Bernie Sanders,38,0.204,0.719,0.076,-0.6908
Bernie Sanders,28,0.3,0.7,0,-0.8511
Bernie Sanders,46,0.042,0.83,0.127,0.659
Bernie Sanders,15,0,0.793,0.207,0.5267
Bernie Sanders,45,0.154,0.71,0.136,-0.233
Bernie Sanders,39,0.04,0.89,0.07,0.3036
Bernie Sanders,27,0.114,0.673,0.213,0.34
Bernie Sanders,41,0.072,0.928,0,-0.4767
Bernie Sanders,45,0,0.943,0.057,0.3818
Bernie Sanders,48,0.342,0.594,0.064,-0.965
Bernie Sanders,44,0.11,0.729,0.161,0.4019
Bernie Sanders,42,0,1,0,0
Bernie Sanders,45,0.175,0.734,0.092,-0.5306
Bernie Sanders,40,0.2,0.648,0.152,-0.3361
Bernie Sanders,45,0.027,0.771,0.202,0.8442
Bernie Sanders,39,0.261,0.739,0,-0.9068
Bernie Sanders,32,0,0.823,0.177,0.5859
Bernie Sanders,51,0.103,0.841,0.055,-0.3612
Bernie Sanders,43,0.051,0.847,0.102,0.34
Bernie Sanders,23,0,0.659,0.341,0.8852
Bernie Sanders,46,0,0.779,0.221,0.891
Bernie Sanders,38,0.058,0.704,0.239,0.8176
Bernie Sanders,46,0.208,0.738,0.054,-0.8126
Bernie Sanders,47,0.042,0.766,0.192,0.7935
Bernie Sanders,37,0.088,0.731,0.181,0.6167
Bernie Sanders,44,0.223,0.682,0.095,-0.7757
Bernie Sanders,48,0.044,0.904,0.052,0.1027
Bernie Sanders,46,0,0.804,0.196,0.8748
Bernie Sanders,41,0.074,0.854,0.072,-0.0258
Bernie Sanders,51,0.142,0.665,0.194,0.6486
Bernie Sanders,48,0.171,0.742,0.087,-0.5423
Bernie Sanders,39,0.123,0.81,0.067,-0.34
Bernie Sanders,43,0.133,0.815,0.052,-0.5935
Bernie Sanders,35,0.07,0.93,0,-0.3597
Bernie Sanders,52,0.102,0.816,0.082,-0.2871
Bernie Sanders,41,0.326,0.627,0.046,-0.945
Bernie Sanders,40,0,0.812,0.188,0.7092
Bernie Sanders,45,0,1,0,0
Bernie Sanders,43,0.121,0.631,0.249,0.7106
Bernie Sanders,44,0.118,0.882,0,-0.6705
Bernie Sanders,35,0,0.927,0.073,0.4003
Bernie Sanders,35,0,0.914,0.086,0.4939
Bernie Sanders,28,0.186,0.814,0,-0.6908
Bernie Sanders,22,0,0.905,0.095,0.2716
Bernie Sanders,35,0.257,0.743,0,-0.886
Bernie Sanders,39,0.167,0.755,0.078,-0.4374
Bernie Sanders,44,0.051,0.76,0.189,0.7964
Bernie Sanders,52,0.082,0.636,0.282,0.9217
Bernie Sanders,52,0.121,0.722,0.157,0.3041
Bernie Sanders,42,0.169,0.831,0,-0.7579
Bernie Sanders,45,0.094,0.797,0.109,0.3989
Bernie Sanders,27,0,0.698,0.302,0.8176
Bernie Sanders,27,0.274,0.676,0.05,-0.8225
Bernie Sanders,20,0,0.606,0.394,0.886
Bernie Sanders,41,0,0.69,0.31,0.9062
Bernie Sanders,18,0,1,0,0
Bernie Sanders,47,0.182,0.762,0.056,-0.7783
Bernie Sanders,42,0.115,0.769,0.115,0
Bernie Sanders,30,0.071,0.859,0.071,0
Bernie Sanders,34,0,0.927,0.073,0.3818
Bernie Sanders,39,0.052,0.766,0.182,0.7003
Bernie Sanders,37,0.066,0.749,0.185,0.6249
Bernie Sanders,48,0.115,0.782,0.102,-0.4019
Bernie Sanders,30,0,0.896,0.104,0.4404
Bernie Sanders,48,0.045,0.902,0.053,0.1027
Bernie Sanders,29,0.097,0.809,0.094,-0.0258
Bernie Sanders,32,0.2,0.73,0.07,-0.7003
Bernie Sanders,56,0.19,0.711,0.099,-0.5994
Bernie Sanders,18,0.12,0.88,0,-0.2914
Bernie Sanders,34,0.151,0.708,0.142,-0.091
Bernie Sanders,52,0.178,0.767,0.055,-0.7579
Bernie Sanders,19,0,0.881,0.119,0.3182
Bernie Sanders,26,0.041,0.774,0.185,0.646
Bernie Sanders,27,0.074,0.766,0.16,0.3574
Bernie Sanders,44,0,0.797,0.203,0.8481
Bernie Sanders,19,0,0.891,0.109,0.296
Bernie Sanders,45,0,0.842,0.158,0.7841
Bernie Sanders,33,0.174,0.826,0,-0.743
Bernie Sanders,33,0,0.774,0.226,0.8016
Bernie Sanders,35,0.113,0.825,0.062,-0.25
Bernie Sanders,31,0,0.846,0.154,0.6249
Bernie Sanders,12,0,0.64,0.36,0.6832
Bernie Sanders,48,0.089,0.885,0.026,-0.4767
Bernie Sanders,53,0.031,0.863,0.105,0.6241
Bernie Sanders,53,0.082,0.718,0.2,0.7096
Bernie Sanders,44,0.16,0.8,0.04,-0.7184
Bernie Sanders,45,0,0.737,0.263,0.9169
Bernie Sanders,48,0.053,0.714,0.233,0.8908
Bernie Sanders,35,0.251,0.694,0.055,-0.8481
Bernie Sanders,45,0.145,0.855,0,-0.7783
Bernie Sanders,44,0.06,0.853,0.087,0.3089
Bernie Sanders,46,0.084,0.781,0.135,0.4019
Bernie Sanders,41,0.048,0.763,0.19,0.7591
Bernie Sanders,49,0,0.781,0.219,0.8777
Bernie Sanders,46,0.134,0.791,0.075,-0.25
Bernie Sanders,45,0.089,0.698,0.213,0.764
Bernie Sanders,51,0.187,0.813,0,-0.8442
Bernie Sanders,32,0.099,0.901,0,-0.4939
Bernie Sanders,41,0.202,0.643,0.154,-0.5574
Bernie Sanders,51,0.052,0.948,0,-0.4019
Bernie Sanders,45,0.108,0.7,0.192,0.6901
Bernie Sanders,39,0.031,0.725,0.244,0.8658
Bernie Sanders,37,0.172,0.656,0.172,-0.0065
Bernie Sanders,36,0.396,0.604,0,-0.9623
Bernie Sanders,46,0.111,0.796,0.092,-0.2287
Bernie Sanders,34,0.133,0.867,0,-0.5994
Bernie Sanders,37,0.103,0.846,0.051,-0.4767
Bernie Sanders,37,0.174,0.741,0.086,-0.5859
Bernie Sanders,43,0.168,0.678,0.154,-0.1779
Bernie Sanders,44,0,0.935,0.065,0.4404
Bernie Sanders,47,0.079,0.787,0.134,0.5994
Bernie Sanders,50,0.379,0.603,0.017,-0.9674
Bernie Sanders,44,0.268,0.732,0,-0.9217
Bernie Sanders,40,0.135,0.786,0.079,-0.5574
Bernie Sanders,41,0.3,0.7,0,-0.9468
Bernie Sanders,37,0.036,0.964,0,-0.0772
Bernie Sanders,32,0.061,0.715,0.225,0.7342
Bernie Sanders,43,0.155,0.794,0.051,-0.6249
Bernie Sanders,38,0.04,0.807,0.153,0.5346
Bernie Sanders,46,0.055,0.84,0.105,0.34
Bernie Sanders,31,0,1,0,0
Bernie Sanders,35,0.192,0.656,0.152,0.0516
Bernie Sanders,35,0.314,0.637,0.049,-0.9259
Bernie Sanders,31,0.095,0.745,0.16,0.3182
Bernie Sanders,43,0,0.794,0.206,0.8858
Bernie Sanders,33,0.14,0.811,0.049,-0.504
Bernie Sanders,21,0.102,0.667,0.231,0.5106
Bernie Sanders,40,0.308,0.602,0.09,-0.9118
Bernie Sanders,32,0,0.829,0.171,0.7351
Bernie Sanders,35,0,1,0,0
Bernie Sanders,39,0,0.931,0.069,0.4215
Bernie Sanders,43,0,0.862,0.138,0.7496
Bernie Sanders,26,0.31,0.69,0,-0.8607
Bernie Sanders,32,0.046,0.954,0,-0.128
Bernie Sanders,34,0.077,0.819,0.105,0.2714
Bernie Sanders,45,0,0.84,0.16,0.765
Bernie Sanders,37,0,0.773,0.227,0.8271
Bernie Sanders,33,0,0.881,0.119,0.6369
Bernie Sanders,33,0.057,0.724,0.22,0.7429
Bernie Sanders,39,0,0.933,0.067,0.3612
Bernie Sanders,22,0.083,0.758,0.159,0.4588
Bernie Sanders,37,0.276,0.724,0,-0.9042
Bernie Sanders,42,0.055,0.657,0.288,0.9153
Bernie Sanders,33,0,0.693,0.307,0.8885
Bernie Sanders,40,0,0.731,0.269,0.8883
Bernie Sanders,38,0.116,0.821,0.063,-0.296
Bernie Sanders,41,0,0.732,0.268,0.8962
Bernie Sanders,31,0.349,0.552,0.099,-0.9169
Bernie Sanders,42,0.162,0.728,0.11,-0.3597
Bernie Sanders,28,0.085,0.915,0,-0.3612
Bernie Sanders,19,0,0.796,0.204,0.4767
Bernie Sanders,36,0.221,0.721,0.059,-0.802
Bernie Sanders,38,0.164,0.785,0.052,-0.7184
Bernie Sanders,34,0,0.907,0.093,0.5256
Bernie Sanders,21,0,0.876,0.124,0.4019
Bernie Sanders,30,0.186,0.814,0,-0.7506
Bernie Sanders,17,0,0.879,0.121,0.296
Bernie Sanders,34,0.091,0.856,0.052,-0.34
Bernie Sanders,41,0.244,0.701,0.054,-0.8591
Bernie Sanders,48,0.048,0.952,0,-0.3182
Bernie Sanders,41,0.091,0.909,0,-0.4404
Bernie Sanders,17,0,0.792,0.208,0.6369
Bernie Sanders,9,0,1,0,0
Bernie Sanders,32,0,0.831,0.169,0.7096
Bernie Sanders,44,0.208,0.699,0.094,-0.7351
Bernie Sanders,40,0.269,0.646,0.085,-0.899
Bernie Sanders,27,0,1,0,0
Bernie Sanders,41,0.049,0.751,0.201,0.7096
Bernie Sanders,48,0.051,0.664,0.284,0.8934
Bernie Sanders,32,0.082,0.918,0,-0.4144
Bernie Sanders,43,0.048,0.88,0.072,0.2709
Bernie Sanders,37,0.084,0.916,0,-0.4767
Bernie Sanders,42,0,0.823,0.177,0.802
Bernie Sanders,42,0,0.859,0.141,0.7506
Bernie Sanders,19,0,1,0,0
Bernie Sanders,44,0.146,0.708,0.146,0.0059
Bernie Sanders,47,0.105,0.795,0.099,-0.0772
Bernie Sanders,44,0.078,0.842,0.08,0.2751
Bernie Sanders,39,0,0.726,0.274,0.9022
Bernie Sanders,31,0.107,0.74,0.154,0.3818
Bernie Sanders,44,0,0.723,0.277,0.9217
Bernie Sanders,42,0.282,0.677,0.041,-0.9153
Bernie Sanders,37,0,0.905,0.095,0.5859
Bernie Sanders,37,0.242,0.67,0.089,-0.7964
Bernie Sanders,42,0.196,0.759,0.045,-0.8197
Bernie Sanders,42,0,0.894,0.106,0.5423
Bernie Sanders,36,0.13,0.525,0.345,0.8126
Bernie Sanders,41,0,0.835,0.165,0.743
Bernie Sanders,42,0.118,0.756,0.126,0.1027
Bernie Sanders,16,0.264,0.609,0.127,-0.4019
Bernie Sanders,45,0.086,0.735,0.179,0.7233
Bernie Sanders,42,0.185,0.815,0,-0.8126
Bernie Sanders,38,0.262,0.617,0.121,-0.8225
Bernie Sanders,31,0.08,0.697,0.223,0.6486
Bernie Sanders,19,0,0.752,0.248,0.6808
Bernie Sanders,35,0,0.928,0.072,0.3612
Bernie Sanders,51,0.111,0.778,0.111,0.0103
Bernie Sanders,18,0.138,0.628,0.234,0.3182
Bernie Sanders,30,0.04,0.635,0.325,0.8957
Bernie Sanders,43,0.077,0.923,0,-0.5267
Bernie Sanders,40,0.144,0.751,0.105,-0.4215
Bernie Sanders,34,0.251,0.699,0.051,-0.8074
Bernie Sanders,47,0.028,0.827,0.146,0.7184
Bernie Sanders,42,0.034,0.807,0.159,0.7096
Bernie Sanders,33,0,0.926,0.074,0.3595
Bernie Sanders,47,0.055,0.945,0,-0.4019
Bernie Sanders,40,0.066,0.934,0,-0.4019
Bernie Sanders,17,0,0.879,0.121,0.296
Bernie Sanders,30,0,0.862,0.138,0.5423
Bernie Sanders,33,0,1,0,0
Bernie Sanders,40,0.12,0.73,0.15,0.1027
Bernie Sanders,42,0,0.94,0.06,0.3818
Bernie Sanders,22,0.29,0.597,0.113,-0.6517
Bernie Sanders,40,0.153,0.847,0,-0.7579
Bernie Sanders,43,0.216,0.733,0.051,-0.8074
Bernie Sanders,44,0.097,0.721,0.182,0.6705
Bernie Sanders,39,0.116,0.761,0.123,0.0772
Bernie Sanders,47,0.12,0.781,0.099,-0.2732
Bernie Sanders,44,0.036,0.85,0.114,0.5423
Bernie Sanders,47,0.155,0.806,0.039,-0.7239
Bernie Sanders,12,0.188,0.649,0.162,-0.1027
Bernie Sanders,12,0.188,0.649,0.162,-0.1027
Bernie Sanders,46,0.051,0.732,0.218,0.836
Bernie Sanders,44,0,0.608,0.392,0.9666
Bernie Sanders,45,0.055,0.765,0.18,0.7501
Bernie Sanders,38,0,0.833,0.167,0.7184
Bernie Sanders,25,0.194,0.576,0.23,0.0516
Bernie Sanders,37,0,0.888,0.112,0.5267
Bernie Sanders,28,0.059,0.687,0.254,0.6763
Bernie Sanders,37,0.143,0.758,0.099,0.0624
Bernie Sanders,26,0.171,0.728,0.101,-0.296
Bernie Sanders,13,0,0.539,0.461,0.7717
Bernie Sanders,45,0,0.565,0.435,0.9756
Bernie Sanders,25,0.211,0.625,0.164,-0.3818
Bernie Sanders,34,0.055,0.655,0.29,0.8081
Bernie Sanders,20,0.157,0.651,0.192,-0.0258
Bernie Sanders,33,0,0.912,0.088,0.4404
Bernie Sanders,28,0.095,0.795,0.11,0.128
Bernie Sanders,21,0.226,0.657,0.117,-0.4588
Bernie Sanders,33,0.066,0.682,0.252,0.7269
Bernie Sanders,21,0.073,0.826,0.101,0.1551
Bernie Sanders,41,0.185,0.747,0.068,-0.6486
Bernie Sanders,13,0,0.827,0.173,0.3182
Bernie Sanders,45,0.027,0.753,0.22,0.8402
Bernie Sanders,35,0,1,0,0
Bernie Sanders,47,0.226,0.737,0.038,-0.8575
Bernie Sanders,39,0.139,0.818,0.043,-0.6093
Bernie Sanders,46,0.146,0.854,0,-0.7184
Bernie Sanders,19,0,0.555,0.445,0.8814
Bernie Sanders,37,0,0.964,0.036,0.0772
Bernie Sanders,45,0.029,0.873,0.098,0.5093
Bernie Sanders,32,0.077,0.86,0.063,-0.128
Bernie Sanders,43,0.055,0.738,0.207,0.6597
Bernie Sanders,17,0.131,0.758,0.111,-0.1027
Bernie Sanders,43,0.097,0.795,0.108,0.128
Bernie Sanders,54,0.089,0.719,0.192,0.7346
Bernie Sanders,42,0,0.786,0.214,0.8442
Bernie Sanders,43,0.11,0.721,0.169,0.4767
Bernie Sanders,31,0.369,0.494,0.137,-0.8957
Bernie Sanders,20,0,0.872,0.128,0.3595
Bernie Sanders,33,0.098,0.704,0.198,0.6124
Bernie Sanders,35,0.057,0.86,0.083,0.2477
Bernie Sanders,51,0.152,0.793,0.055,-0.6808
Bernie Sanders,33,0.096,0.904,0,-0.5093
Bernie Sanders,27,0,0.831,0.169,0.6249
Bernie Sanders,39,0,0.826,0.174,0.7876
Bernie Sanders,27,0.266,0.734,0,-0.8273
Bernie Sanders,41,0,0.848,0.152,0.7037
Bernie Sanders,42,0.068,0.809,0.123,0.3818
Bernie Sanders,29,0.132,0.616,0.252,0.6486
Bernie Sanders,28,0.172,0.75,0.078,-0.4588
Bernie Sanders,41,0.101,0.714,0.185,0.6088
Bernie Sanders,35,0,0.779,0.221,0.8436
Bernie Sanders,35,0.191,0.673,0.137,-0.34
Bernie Sanders,29,0.261,0.542,0.196,-0.3395
Bernie Sanders,13,0,0.758,0.242,0.4939
Bernie Sanders,30,0,0.818,0.182,0.7184
Bernie Sanders,45,0.192,0.687,0.12,-0.5812
Bernie Sanders,44,0,0.922,0.078,0.4939
Bernie Sanders,49,0.061,0.813,0.126,0.5423
Bernie Sanders,40,0,0.931,0.069,0.4215
Bernie Sanders,44,0.183,0.817,0,-0.7251
Bernie Sanders,41,0.063,0.774,0.163,0.5859
Bernie Sanders,9,0,1,0,0
Bernie Sanders,38,0,0.923,0.077,0.4559
Bernie Sanders,45,0.174,0.789,0.037,-0.7853
Bernie Sanders,39,0.162,0.664,0.174,-0.1027
Bernie Sanders,29,0.047,0.776,0.177,0.6369
Bernie Sanders,51,0.08,0.764,0.156,0.6597
Bernie Sanders,42,0.079,0.81,0.111,0.3599
Bernie Sanders,14,0,0.85,0.15,0.3182
Bernie Sanders,40,0,1,0,0
Bernie Sanders,34,0.074,0.767,0.158,0.5267
Bernie Sanders,39,0.345,0.604,0.051,-0.9484
Bernie Sanders,8,0,0.737,0.263,0.3595
Bernie Sanders,43,0,0.938,0.062,0.4019
Bernie Sanders,33,0.062,0.868,0.07,0.0772
Bernie Sanders,8,0,0.737,0.263,0.3595
Bernie Sanders,23,0.137,0.763,0.1,-0.2472
Bernie Sanders,17,0,0.865,0.135,0.3595
Bernie Sanders,48,0.125,0.823,0.052,-0.594
Bernie Sanders,38,0.141,0.797,0.062,-0.4767
Bernie Sanders,7,0.342,0.658,0,-0.3818
Bernie Sanders,45,0,0.792,0.208,0.8591
Bernie Sanders,42,0.055,0.813,0.132,0.296
Bernie Sanders,41,0.204,0.701,0.095,-0.743
Bernie Sanders,29,0.122,0.665,0.213,0.3164
Bernie Sanders,26,0,0.71,0.29,0.8221
Bernie Sanders,7,0,0.674,0.326,0.4404
Bernie Sanders,45,0.155,0.739,0.106,-0.3818
Bernie Sanders,15,0.42,0.58,0,-0.8271
Bernie Sanders,22,0.215,0.618,0.167,-0.3182
Bernie Sanders,17,0,1,0,0
Bernie Sanders,35,0.184,0.619,0.198,-0.0772
Bernie Sanders,35,0.174,0.689,0.138,-0.3071
Bernie Sanders,48,0.213,0.787,0,-0.9217
Bernie Sanders,43,0.219,0.723,0.058,-0.7906
Bernie Sanders,16,0.179,0.55,0.271,0
Bernie Sanders,39,0.167,0.707,0.126,-0.5994
Bernie Sanders,51,0.168,0.721,0.112,-0.6524
Bernie Sanders,34,0.3,0.588,0.111,-0.875
Bernie Sanders,48,0.247,0.662,0.091,-0.886
Bernie Sanders,38,0.162,0.653,0.185,0.0444
Bernie Sanders,47,0.159,0.606,0.235,0.686
Bernie Sanders,24,0.125,0.875,0,-0.5106
Bernie Sanders,38,0.075,0.871,0.055,-0.2023
Bernie Sanders,42,0,0.914,0.086,0.5965
Bernie Sanders,37,0,0.84,0.16,0.7558
Bernie Sanders,47,0.052,0.873,0.075,0.296
Bernie Sanders,34,0.161,0.668,0.171,0.1027
Bernie Sanders,48,0.072,0.89,0.038,-0.3804
Bernie Sanders,39,0,0.824,0.176,0.8271
Bernie Sanders,49,0.071,0.866,0.063,-0.1027
Bernie Sanders,47,0.154,0.751,0.095,-0.4939
Bernie Sanders,32,0,0.879,0.121,0.644
Bernie Sanders,49,0.069,0.865,0.065,0.2023
Bernie Sanders,31,0.234,0.699,0.067,-0.7521
Bernie Sanders,52,0.024,0.884,0.092,0.571
Bernie Sanders,40,0,0.862,0.138,0.5994
Bernie Sanders,48,0.113,0.639,0.248,0.802
Bernie Sanders,54,0,0.748,0.252,0.93
Bernie Sanders,42,0.216,0.535,0.249,0.2354
Bernie Sanders,29,0,0.86,0.14,0.4404
Bernie Sanders,10,0,1,0,0
Bernie Sanders,47,0.044,0.866,0.09,0.5204
Bernie Sanders,43,0.045,0.741,0.214,0.8271
Bernie Sanders,41,0,0.88,0.12,0.6369
Bernie Sanders,41,0,0.686,0.314,0.9325
Bernie Sanders,39,0,0.846,0.154,0.7184
Bernie Sanders,17,0.128,0.872,0,-0.296
Bernie Sanders,36,0.142,0.793,0.065,-0.4939
Bernie Sanders,47,0.133,0.841,0.025,-0.7579
Bernie Sanders,43,0,0.819,0.181,0.8126
Bernie Sanders,44,0.119,0.717,0.164,0.34
Bernie Sanders,46,0.143,0.623,0.234,0.6562
Bernie Sanders,47,0.175,0.787,0.038,-0.7964
Bernie Sanders,40,0.051,0.833,0.116,0.4215
Bernie Sanders,41,0.165,0.664,0.171,-0.1779
Bernie Sanders,45,0.185,0.767,0.049,-0.7114
Bernie Sanders,33,0.148,0.653,0.199,0.2516
Bernie Sanders,22,0,0.717,0.283,0.7579
Bernie Sanders,30,0.125,0.875,0,-0.6124
Bernie Sanders,25,0.114,0.812,0.074,-0.2732
Bernie Sanders,41,0.148,0.721,0.132,-0.1935
Bernie Sanders,49,0.055,0.681,0.264,0.9313
Bernie Sanders,50,0.092,0.807,0.101,0.1195
Bernie Sanders,49,0.043,0.739,0.218,0.8795
Bernie Sanders,22,0.239,0.55,0.21,-0.2263
Bernie Sanders,47,0,0.915,0.085,0.4939
Bernie Sanders,45,0.073,0.835,0.092,-0.0202
Bernie Sanders,16,0.176,0.824,0,-0.4939
Bernie Sanders,50,0,1,0,0
Bernie Sanders,36,0.11,0.636,0.254,0.765
Bernie Sanders,27,0.226,0.696,0.078,-0.7269
Bernie Sanders,56,0.058,0.86,0.082,0.1027
Bernie Sanders,48,0.049,0.858,0.094,0.3182
Bernie Sanders,43,0,0.824,0.176,0.7269
Bernie Sanders,22,0.167,0.59,0.243,0.5093
Bernie Sanders,36,0,0.85,0.15,0.7184
Bernie Sanders,45,0.103,0.778,0.119,0.2023
Bernie Sanders,39,0,0.927,0.073,0.4404
Bernie Sanders,50,0.088,0.806,0.107,0.2732
Bernie Sanders,46,0.086,0.814,0.1,0.1779
Bernie Sanders,40,0.182,0.541,0.276,0.5938
Bernie Sanders,20,0.137,0.706,0.157,0.128
Bernie Sanders,20,0.137,0.706,0.157,0.128
Bernie Sanders,41,0.062,0.938,0,-0.3612
Bernie Sanders,37,0.048,0.682,0.27,0.7783
Bernie Sanders,4,0.474,0.526,0,-0.4019
Bernie Sanders,47,0.165,0.647,0.187,0.075
Bernie Sanders,45,0,0.777,0.223,0.8885
Bernie Sanders,46,0.216,0.733,0.051,-0.8402
Bernie Sanders,40,0.088,0.728,0.184,0.6705
Bernie Sanders,42,0,0.943,0.057,0.3612
Bernie Sanders,31,0.079,0.712,0.208,0.5719
Bernie Sanders,5,0.339,0.275,0.385,0.128
Bernie Sanders,43,0.137,0.734,0.129,-0.1027
Bernie Sanders,42,0.309,0.645,0.047,-0.9398
Bernie Sanders,48,0.241,0.759,0,-0.9284
Bernie Sanders,31,0.158,0.755,0.086,-0.3947
Bernie Sanders,36,0,0.866,0.134,0.6249
Bernie Sanders,18,0.312,0.641,0.047,-0.802
Bernie Sanders,42,0.337,0.615,0.047,-0.9476
Bernie Sanders,39,0,1,0,0
Bernie Sanders,16,0.176,0.654,0.17,-0.2732
Bernie Sanders,20,0,0.47,0.53,0.9413
Bernie Sanders,39,0.176,0.74,0.084,-0.7443
Bernie Sanders,42,0,0.742,0.258,0.8807
Bernie Sanders,38,0.138,0.679,0.183,0.264
Bernie Sanders,37,0,0.933,0.067,0.3612
Bernie Sanders,34,0,0.849,0.151,0.6893
Bernie Sanders,41,0.044,0.838,0.118,0.5003
Bernie Sanders,14,0,0.839,0.161,0.3595
Bernie Sanders,38,0.212,0.662,0.126,-0.6124
Bernie Sanders,34,0.161,0.559,0.28,0.6908
Bernie Sanders,42,0.107,0.763,0.13,0.0346
Bernie Sanders,38,0.086,0.632,0.283,0.8653
Bernie Sanders,45,0.076,0.847,0.078,0.0258
Bernie Sanders,35,0.043,0.825,0.132,0.5321
Bernie Sanders,19,0.099,0.676,0.225,0.4199
Bernie Sanders,35,0.06,0.867,0.073,0.128
Bernie Sanders,48,0.171,0.772,0.057,-0.7574
Bernie Sanders,38,0.18,0.82,0,-0.836
Bernie Sanders,30,0.039,0.665,0.296,0.8519
Bernie Sanders,35,0.062,0.896,0.042,-0.1779
Bernie Sanders,41,0,0.9,0.1,0.4939
Bernie Sanders,43,0.068,0.764,0.167,0.5859
Bernie Sanders,37,0.059,0.941,0,-0.296
Bernie Sanders,22,0.134,0.866,0,-0.4767
Bernie Sanders,40,0,1,0,0
Bernie Sanders,37,0,0.718,0.282,0.9042
Bernie Sanders,20,0.074,0.617,0.309,0.6908
Bernie Sanders,35,0.37,0.526,0.103,-0.9287
Bernie Sanders,43,0.325,0.629,0.045,-0.9432
Bernie Sanders,33,0.058,0.513,0.429,0.949
Bernie Sanders,18,0.073,0.838,0.089,0.0772
Bernie Sanders,39,0.263,0.668,0.069,-0.8225
Bernie Sanders,30,0,0.909,0.091,0.4215
Bernie Sanders,26,0.084,0.741,0.175,0.4019
Bernie Sanders,49,0.066,0.802,0.132,0.6369
Bernie Sanders,36,0.136,0.809,0.055,-0.4767
Bernie Sanders,53,0.282,0.624,0.094,-0.9169
Bernie Sanders,40,0.051,0.839,0.11,0.3612
Bernie Sanders,41,0,0.791,0.209,0.8316
Bernie Sanders,47,0.325,0.623,0.052,-0.9489
Bernie Sanders,46,0.134,0.775,0.091,-0.5106
Bernie Sanders,32,0.098,0.815,0.087,-0.1027
Bernie Sanders,30,0.313,0.624,0.062,-0.8037
Bernie Sanders,42,0.272,0.609,0.118,-0.8625
Bernie Sanders,40,0.408,0.592,0,-0.9761
Bernie Sanders,41,0,0.889,0.111,0.5983
Bernie Sanders,47,0.14,0.805,0.055,-0.5163
Bernie Sanders,31,0,0.897,0.103,0.4939
Bernie Sanders,45,0.204,0.706,0.089,-0.6369
Bernie Sanders,40,0,0.736,0.264,0.8442
Bernie Sanders,35,0,1,0,0
Bernie Sanders,38,0.071,0.853,0.076,0.0516
Bernie Sanders,42,0.047,0.797,0.155,0.6124
Bernie Sanders,18,0,0.591,0.409,0.8271
Bernie Sanders,32,0.24,0.545,0.216,-0.4633
Bernie Sanders,31,0.16,0.73,0.11,-0.4215
Bernie Sanders,41,0.037,0.795,0.168,0.7866
Bernie Sanders,46,0.176,0.581,0.243,0.4715
Bernie Sanders,42,0.228,0.619,0.153,-0.6249
Bernie Sanders,51,0.039,0.819,0.141,0.7043
Bernie Sanders,38,0.054,0.837,0.108,0.296
Bernie Sanders,52,0.086,0.862,0.052,-0.2263
Bernie Sanders,14,0.138,0.653,0.209,0.2709
Bernie Sanders,36,0,0.926,0.074,0.4019
Bernie Sanders,41,0.026,0.789,0.184,0.802
Bernie Sanders,47,0.39,0.563,0.047,-0.9702
Bernie Sanders,19,0.133,0.664,0.203,0.1511
Bernie Sanders,43,0.03,0.97,0,-0.0572
Bernie Sanders,30,0,0.701,0.299,0.8779
Bernie Sanders,41,0.236,0.649,0.115,-0.7579
Bernie Sanders,34,0,0.864,0.136,0.5994
Bernie Sanders,33,0,0.923,0.077,0.3818
Bernie Sanders,34,0.225,0.743,0.032,-0.8316
Bernie Sanders,47,0.244,0.606,0.15,-0.7096
